Number of agents = 10
Time t = 0 to t = 29
Converged value = approx 0.83
Actual beta value = 1

Local estimates at each time 't' are shown:

0
[ 0.92366412  0.53240741  0.78443114  0.527897    1.01834862  0.84401709
  0.97188755  0.96012759  1.11680328  0.86354379]


1
[ 0.81797264  0.99337587  0.87765322  1.0064225   0.80067303  0.85913113
  0.79576051  0.78796686  0.72621739  0.84978032]


2
[ 0.83258713  0.92041834  0.86269507  0.92689376  0.82421484  0.85324526
  0.82151769  0.81743914  0.78676021  0.84853746]


3
[ 0.83646482  0.89508227  0.85666753  0.89937582  0.83101886  0.85027544
  0.82910309  0.82629528  0.80593832  0.84712108]


4
[ 0.83778744  0.88178955  0.85302006  0.88499529  0.83378653  0.84816916
  0.83227716  0.83011659  0.81490783  0.84579363]


5
[ 0.83815282  0.87338156  0.85039478  0.87593616  0.83501001  0.84647466
  0.83375225  0.83198587  0.81985972  0.84456748]


6
[ 0.8380773   0.86745471  0.8483205   0.8695761   0.83550139  0.84502442
  0.83441584  0.83291563  0.82284092  0.84343007]


7
[ 0.83777397  0.86297033  0.84658632  0.86478285  0.8355997   0.84373821
  0.83464002  0.83333209  0.82472037  0.84236769]


8
[ 0.83734481  0.85940432  0.84508184  0.86098559  0.83546952  0.84257125
  0.83460619  0.83344394  0.82592788  0.84136887]


9
[ 0.83684365  0.85646265  0.84374278  0.85786432  0.8351993   0.84149579
  0.83441231  0.83336442  0.82669939  0.84042438]


10
[ 0.83630101  0.85396702  0.84252864  0.85522523  0.83484018  0.84049336
  0.83411531  0.83315971  0.82717466  0.83952686]


11
[ 0.83573503  0.85180272  0.84141237  0.85294371  0.83442345  0.83955094
  0.83375021  0.83287072  0.82744136  0.83867038]


12
[ 0.83515698  0.84989239  0.84037503  0.85093582  0.83396903  0.83865897
  0.83333945  0.83252386  0.82755707  0.83785011]


13
[ 0.83457399  0.84818181  0.83940284  0.8491428   0.83349006  0.83781019
  0.83289794  0.83213681  0.827561    0.83706208]


14
[ 0.83399069  0.84663178  0.83848548  0.84752219  0.83299544  0.83699893
  0.83243585  0.83172171  0.82748068  0.83630295]


15
[ 0.83341012  0.84521319  0.837615    0.84604249  0.83249132  0.83622068
  0.83196026  0.83128712  0.82733596  0.83556992]


16
[ 0.83283426  0.8439039   0.83678515  0.84467979  0.83198202  0.83547176
  0.83147622  0.83083917  0.8271414   0.8348606 ]


17
[ 0.83226441  0.84268677  0.83599091  0.84341559  0.83147061  0.83474912
  0.83098735  0.83038233  0.82690794  0.83417294]


18
[ 0.83170139  0.84154829  0.8352282   0.8422353   0.8309593   0.83405023
  0.83049629  0.8299199   0.8266439   0.83350517]


19
[ 0.83114572  0.84047762  0.83449364  0.84112727  0.83044967  0.83337292
  0.83000496  0.82945434  0.82635568  0.83285573]


20
[ 0.83059767  0.83946599  0.83378442  0.84008204  0.82994288  0.83271534
  0.8295148   0.82898748  0.82604831  0.83222326]


21
[ 0.83005737  0.83850618  0.83309814  0.83909187  0.82943974  0.8320759
  0.82902686  0.82852073  0.82572575  0.83160656]


22
[ 0.82952485  0.83759222  0.83243276  0.83815033  0.82894085  0.83145321
  0.82854191  0.82805515  0.82539113  0.83100455]


23
[ 0.82900004  0.83671908  0.83178653  0.83725203  0.82844663  0.83084604
  0.82806053  0.82759153  0.825047    0.83041628]


24
[ 0.82848285  0.83588253  0.83115792  0.83639243  0.82795736  0.83025331
  0.82758312  0.82713048  0.82469541  0.82984089]


25
[ 0.82797312  0.83507895  0.8305456   0.83556767  0.82747321  0.82967406
  0.82710999  0.82667247  0.82433801  0.82927761]


26
[ 0.8274707   0.83430523  0.82994837  0.83477441  0.82699431  0.82910744
  0.82664133  0.82621782  0.82397619  0.82872573]


27
[ 0.8269754   0.83355869  0.82936521  0.8340098   0.82652071  0.82855267
  0.82617728  0.82576681  0.82361105  0.82818463]


28
[ 0.82648703  0.832837    0.82879519  0.83327133  0.8260524   0.82800906
  0.82571792  0.82531961  0.82324354  0.82765371]


29
[ 0.82600541  0.8321381   0.82823746  0.83255683  0.82558939  0.82747598
  0.8252633   0.82487634  0.82287442  0.82713246]

